| id  | year | month | day | hour | minute | activity | license_plate |
+-----+------+-------+-----+------+--------+----------+---------------+
| 221 | 2021 | 7     | 28  | 8    | 2      | exit     | 1M92998       |
| 222 | 2021 | 7     | 28  | 8    | 2      | exit     | N507616       |
| 224 | 2021 | 7     | 28  | 8    | 7      | exit     | 7Z8B130       |
| 226 | 2021 | 7     | 28  | 8    | 13     | exit     | 47MEFVA       |
| 229 | 2021 | 7     | 28  | 8    | 15     | exit     | D965M59       |
| 230 | 2021 | 7     | 28  | 8    | 15     | exit     | HW0488P       |
| 235 | 2021 | 7     | 28  | 8    | 25     | exit     | HOD8639       |
| 236 | 2021 | 7     | 28  | 8    | 34     | exit     | L68E5I0       |
| 239 | 2021 | 7     | 28  | 8    | 34     | exit     | W2CT78U       |
| 242 | 2021 | 7     | 28  | 8    | 38     | exit     | 3933NUH       |
| 245 | 2021 | 7     | 28  | 8    | 44     | exit     | 1FBL6TH       |
| 247 | 2021 | 7     | 28  | 8    | 49     | exit     | P14PE2Q       |
| 249 | 2021 | 7     | 28  | 8    | 50     | exit     | 4V16VO0       |
| 251 | 2021 | 7     | 28  | 8    | 57     | exit     | 8LLB02B       |
| 253 | 2021 | 7     | 28  | 8    | 59     | exit     | O784M2U       |
| 260 | 2021 | 7     | 28  | 10   | 16     | exit     | 5P2BI95       |
| 261 | 2021 | 7     | 28  | 10   | 18     | exit     | 94KL13X       |
| 262 | 2021 | 7     | 28  | 10   | 18     | exit     | 6P58WS2       |
| 263 | 2021 | 7     | 28  | 10   | 19     | exit     | 4328GD8       |
| 264 | 2021 | 7     | 28  | 10   | 20     | exit     | G412CB7       |
| 265 | 2021 | 7     | 28  | 10   | 21     | exit     | L93JTIZ       |
| 266 | 2021 | 7     | 28  | 10   | 23     | exit     | 322W7JE       |
| 267 | 2021 | 7     | 28  | 10   | 23     | exit     | 0NTHK55       |
| 268 | 2021 | 7     | 28  | 10   | 35     | exit     | 1106N58       |
+-----+------+-------+-----+------+--------+----------+---------------+